   6.430639690000000E-001   9.421569010000001E-001        1.279715639000000
   0.000000000000000E+000  -4.735224000000000E-001        1.312215431000000
       -1.517299288000000   5.645565940000000E-001   4.427976820000000E-001
   1.514692500000000E-002   6.629497130000001E-001   7.892838800000001E-001
  -2.254090380000000E-001       -1.637866332000000   2.050997100000000E-001
        1.940154668000000   3.318888500000000E-001   3.517371400000000E-001
  -4.312921000000000E-002   9.485971900000000E-002   6.553939850000000E-001
   9.787410600000001E-001  -3.920502670000000E-001  -3.484281630000000E-001
   5.490315800000000E-002  -1.342609750000000E-001   8.731237220000000E-001
  -8.670170380000000E-001       -1.933571140000000   3.840112090000000E-001
       -1.264457117000000  -4.090860440000000E-001   1.726495830000000E-001
       -3.163335253000000        1.402775598000000        1.459174190000000
        1.293675856000000       -1.598505938000000  -7.730375100000000E-002
  -3.594225170000000E-001  -9.896639990000000E-001   6.551270300000001E-002
       -1.200141006000000  -9.401510800000000E-001   0.000000000000000E+000
        3.321124210000000   1.876458610000000E-001  -3.476763770000000E-001
  -5.710804830000000E-001   1.634989120000000E-001   2.129138760000000E-001
       -1.703185437000000  -7.581162820000000E-001        1.064668587000000
  -2.832368470000000E-001        2.238679648000000  -1.203880440000000E-001
   4.592299850000000E-001  -6.818182100000000E-002   9.991223050000000E-001
  -3.344421880000000E-001  -7.986538470000000E-001  -7.451779040000000E-001
   9.410222770000000E-001   8.697018420000000E-001  -5.785404580000000E-001
   8.796608270000000E-001   1.495979830000000E-001   1.381791690000000E-001
   7.633814060000000E-001   9.595552320000000E-001       -1.022536470000000
  -4.171701650000000E-001  -2.011598410000000E-001   3.350419450000000E-001
   2.981107440000000E-001  -4.741780430000000E-001       -1.489066015000000
       -1.164343347000000   9.436664740000000E-001        1.739522520000000
  -3.193521240000000E-001       -2.353642410000000       -1.701490622000000
       -7.454076683000000        4.599876349000000   1.119626910000000E-001
       -1.679199070000000   8.149102690000000E-001        3.073704744000000
   1.913627040000000E-001   4.550862500000000E-002  -1.222700760000000E-001
       -1.335143814000000  -3.792814070000000E-001   8.073428900000000E-002
       -2.104355728000000        1.161936896000000        1.124823450000000
        1.646327138000000  -6.176317760000000E-001   9.612769540000000E-001
        1.310520129000000   6.939299670000000E-001       -1.446763046000000
   5.277057100000000E-001  -1.820069970000000E-001   0.000000000000000E+000
   3.624050730000000E-001        2.399680700000000   7.110823099999999E-002
   1.644778200000000E-001   2.263372890000000E-001        1.221055586000000
  -4.710984790000000E-001  -7.561683260000000E-001  -8.846799440000001E-001
       -1.640188907000000  -1.364161030000000E-001        1.069746067000000
   6.755210010000000E-001  -2.372331460000000E-001       -1.403474084000000
       -1.156215613000000   8.089620120000000E-001       -1.644021014000000
  -4.129787850000000E-001   2.503358670000000E-001   0.000000000000000E+000
        1.462050255000000        1.573712802000000  -9.731868800000000E-002
   0.000000000000000E+000   7.144102510000000E-001   1.756146960000000E-001
  -9.153180310000000E-001  -5.060536800000000E-002       -1.269684486000000
       -2.889104278000000   8.773599060000000E-001        1.104092676000000
   6.779774370000000E-001       -1.200544255000000   8.002425290000000E-001
   0.000000000000000E+000        1.529463412000000       -1.004635863000000
  -8.180241810000000E-001  -3.914051500000000E-001   1.583017930000000E-001
        1.316350795000000        1.276510283000000   7.237970990000000E-001
  -8.375627540000000E-001        2.514135531000000   6.466626090000001E-001
  -3.769164870000000E-001  -1.526435950000000E-001   8.855259380000000E-001
  -1.099572500000000E-001        1.397198032000000   2.287751900000000E-001
   6.593087980000000E-001   5.973823000000000E-003   0.000000000000000E+000
   3.387286610000000E-001   6.243491940000000E-001  -8.973893480000000E-001
   4.562383210000000E-001  -4.398452300000000E-002  -4.779423050000000E-001
        1.042326066000000   3.882354350000000E-001   6.456785600000000E-001
   5.615283100000000E-002   4.003436860000000E-001  -5.325871030000000E-001
       -1.117566906000000        1.470606095000000  -2.684328800000000E-002
   8.832029150000000E-001   3.776225840000000E-001  -1.869008470000000E-001
  -6.615673440000000E-001        1.344022449000000   3.560617190000000E-001
   2.898651990000000E-001   3.151579820000000E-001        1.166618725000000
       -1.016783856000000   9.943255720000001E-001  -3.555119290000000E-001
  -2.923302140000000E-001  -5.758673740000000E-001  -1.592882430000000E-001
   2.013434950000000E-001   7.754126730000001E-001        1.325145827000000
  -3.561491400000000E-002   5.528249150000000E-001  -8.527153290000000E-001
  -7.283761470000000E-001        1.156198585000000   0.000000000000000E+000
   1.932560910000000E-001        1.080435396000000   5.702573940000000E-001
  -9.397565720000000E-001   9.964947810000000E-001  -2.807318340000000E-001
   4.703528670000000E-001  -8.931684099999999E-002  -3.646292250000000E-001
  -8.644653160000000E-001       -1.634986538000000  -2.087941220000000E-001
   5.882205130000000E-001        1.242320959000000   9.192563570000000E-001
   4.972801660000000E-001  -4.918141020000000E-001       -1.020758988000000
  -8.651628440000000E-001   8.706846860000000E-001   4.000732740000000E-001
   7.702754850000000E-001   5.442604980000000E-001  -4.308100660000000E-001
  -8.342413800000000E-001  -4.970556170000000E-001   4.197596400000000E-002
        1.281688985000000  -4.272320050000000E-001  -1.972949320000000E-001
   0.000000000000000E+000       -1.667249223000000  -3.027884530000000E-001
   3.752768720000000E-001  -7.856695630000000E-001   2.513691960000000E-001
  -3.502945150000000E-001  -9.878577080000000E-001   7.558991320000000E-001
        1.866227948000000   3.523444470000000E-001  -2.174453790000000E-001
  -8.678529189999999E-001       -1.798344638000000   2.618054730000000E-001
       -2.370864880000000   4.325406320000000E-001        1.877184326000000
  -1.870483750000000E-001       -1.142321804000000  -2.066115700000000E-002
        1.338705025000000        1.074794601000000   1.310227240000000E-001
   9.955202400000000E-002   5.896828460000000E-001  -5.058675700000000E-001
        1.074412998000000  -2.589356320000000E-001   0.000000000000000E+000
   7.341163720000000E-001  -7.482065400000000E-002   9.857692090000000E-001
  -9.329488190000000E-001   1.747685310000000E-001  -1.043847170000000E-001
        1.628020277000000  -1.190476330000000E-001        1.009559987000000
   1.050026350000000E-001  -4.529411300000000E-001       -1.142498633000000
  -6.692493500000000E-001       -2.169292070000000   4.924344300000000E-002
        1.010829286000000       -1.039924753000000  -2.218513160000000E-001
        1.248483500000000       -1.604697672000000       -1.093389501000000
       -3.466828604000000   6.986015340000000E-001   3.608868410000000E-001
   2.363805780000000E-001  -2.690286900000000E-001       -1.314742670000000
        1.059019412000000       -1.099202838000000  -4.086593980000000E-001
        1.763585494000000        1.617192380000000  -2.458640940000000E-001
  -9.465707180000000E-001  -9.063876200000000E-001   3.847890460000000E-001
   4.205186370000000E-001  -9.260785200000000E-001       -4.283612937000000
       -1.409594364000000       -6.578043776000000        3.752758717000000
  -5.765624760000000E-001       -1.295880944000000  -5.469095050000000E-001
   0.000000000000000E+000        4.860129810000000       -1.961563102000000
       -3.223689244000000        2.336100006000000        1.904650072000000
   9.893755010000001E-001   8.117109020000000E-001       -2.706321674000000
   2.777515340000000E-001   4.750782830000000E-001  -4.560824050000000E-001
        3.204939260000000       -1.886614844000000   3.343566750000000E-001
   9.914814510000000E-001  -3.496139900000000E-001       -2.988333977000000
       -2.715496641000000        1.974482327000000  -7.543118370000000E-001
   2.172058880000000E-001  -1.679076800000000E-002  -1.266673730000000E-001
        2.144483833000000        1.282955777000000  -7.955072190000000E-001
   3.859964940000000E-001        4.064930618000000        1.404648548000000
   5.887491610000000E-001   4.642840230000000E-001   1.562399360000000E-001
   1.630278970000000E-001  -9.514125010000000E-001  -2.380883000000000E-001
  -7.881837660000000E-001   7.169315599999999E-002        1.458495054000000
        1.136542131000000        1.319223910000000   0.000000000000000E+000
   8.794004970000000E-001        1.496191449000000   6.707308140000000E-001
  -8.672110750000001E-001  -3.828402380000000E-001  -4.545513770000000E-001
   6.684227199999999E-002        1.013006358000000        1.022824280000000
  -2.778149980000000E-001   6.079653060000000E-001   1.657715390000000E-001
        1.136394581000000        2.316939279000000  -7.828478310000000E-001
   1.407429530000000E-001   0.000000000000000E+000   2.016367580000000E-001
       -2.347577815000000   1.861909160000000E-001  -7.583253910000000E-001
       -2.060457798000000        1.525078425000000   6.007777400000000E-001
  -4.695438350000000E-001  -2.083476150000000E-001       -1.877957376000000
  -2.244197110000000E-001       -1.440424600000000        1.457879910000000
  -3.712980950000000E-001   9.647756710000000E-001   3.128333290000000E-001
   9.525861640000000E-001   6.167495180000000E-001        1.727169632000000
   1.732897570000000E-001   0.000000000000000E+000   9.498643700000001E-002
        1.016089955000000  -4.983979660000000E-001       -1.010082780000000
   0.000000000000000E+000   3.092721800000000E-002        1.372466457000000
        2.479741150000000  -7.556571099999999E-002        1.100679062000000
  -2.432617570000000E-001       -1.520985279000000       -1.329369394000000
       -2.475751080000000        2.379336445000000   0.000000000000000E+000
   1.569339270000000E-001  -2.066221450000000E-001  -7.723698460000000E-001
       -1.560129007000000   9.021022220000000E-001        1.308963578000000
       -1.342544056000000   8.776371750000001E-001   8.315427180000000E-001
  -1.403938210000000E-001  -7.688619180000000E-001   9.944864760000000E-001
  -6.674435950000000E-001  -2.794386000000000E-003  -1.412181240000000E-001
       -1.716051651000000   4.836620870000000E-001        2.008074693000000
  -9.504131720000000E-001   0.000000000000000E+000   2.384245730000000E-001
       -1.098402283000000        1.115610599000000   4.433821430000000E-001
        2.252084449000000  -8.650528600000000E-002       -1.528210826000000
  -3.552170660000000E-001  -6.400734760000000E-001   1.953695900000000E-001
  -2.917994870000000E-001  -2.339895190000000E-001        2.043683559000000
        2.798425429000000  -8.703386200000000E-002  -3.485854420000000E-001
   8.124730050000000E-001        1.266902826000000  -2.133127540000000E-001
   8.310559690000000E-001  -2.845761740000000E-001  -5.155014880000000E-001
        1.189427129000000  -9.453785940000000E-001  -1.317567180000000E-001
       -2.235817490000000  -5.160644600000000E-002        1.738730164000000
  -1.439571570000000E-001        1.861565964000000  -9.391607010000000E-001
       -1.290411227000000   4.725099740000000E-001   0.000000000000000E+000
        1.762058431000000  -4.387414850000000E-001        1.215249783000000
        1.108229501000000  -2.342484750000000E-001