1705.45 1667.36 1706.95 1708.90 1683.09 1707.57 1739.94 1734.36
1727.78 1745.72 1741.04 1747.20 1777.13 1781.13 1781.07 1779.37
1780.69 1781.62 1810.20 1777.92 1732.38 1732.94 1698.73 1698.73
1688.56 1664.81 1660.52 1699.39 1719.84 1681.65 1689.67 1718.15
1728.45 1683.82 1644.94 1688.15 1679.15 1694.75 1689.27 1706.54
1728.71 1705.73 1715.84 1717.27 1705.16 1689.78 1674.47 1672.84
1647.65 1611.57 1587.63 1597.54 1564.12 1518.90 1519.49 1515.88
1533.85 1554.92 1563.09 1502.79 1493.15 1431.68 1404.71 1331.01
1322.69 1351.01 1245.26 1218.20 1280.13 1259.16 1233.26 1113.77
1179.83 1266.52 1302.42 1335.42 1312.97 1289.24 1265.47 1249.47
1230.87 1227.72 1252.81 1236.12 1227.24 1233.06 1231.54 1270.28
1281.71 1370.90 1377.51 1380.16 1420.05 1395.92 1384.29 1435.47
1436.73 1413.43 1433.82 1443.06 1386.31 1397.80 1395.39 1401.75
1416.18 1428.68 1439.95 1451.07 1450.22 1431.10 1420.19 1399.82
1409.92 1423.82 1414.71 1403.86 1412.99 1413.19 1376.39 1381.18
1376.15 1376.15 1342.98 1334.75 1370.13 1353.11 1361.48 1375.59
1406.11 1412.78 1415.31 1405.82 1376.65 1386.78 1385.72 1409.40
1415.79 1436.57 1445.32 1423.57 1396.82 1410.00 1410.46 1386.04
1398.57 1397.08 1380.46 1405.23 1398.30 1417.42 1416.02 1390.15
1394.15 1368.38 1365.70 1322.39 1292.47 1296.40 1256.57 1270.04
1248.35 1230.62 1233.46 1257.94 1280.92 1277.01 1255.33 1267.12
1265.00 1271.60 1237.61 1231.77 1196.69 1140.58 1158.92 1125.36
1129.83 1152.69 1179.78 1196.90 1161.93 1185.13 1191.76 1188.29
1207.29 1223.19 1221.18 1223.38 1210.18 1188.18 1174.72 1167.16
1165.96 1174.30 1196.27 1200.12 1187.22 1206.86 1210.45 1203.81
1201.26 1182.48 1180.65 1193.77 1220.13 1235.84 1279.27 1306.08
1299.65 1303.09 1323.36 1320.20 1319.36 1316.36 1316.20 1351.09
1368.97 1377.55 1381.26 1387.35 1383.85 1367.53 1361.50 1334.05
1360.10 1358.37 1359.51 1353.93 1383.32 1413.47 1395.29 1392.81
1407.58 1404.27 1377.62 1371.30 1361.36 1337.48 1346.64 1327.77
1306.21 1336.98 1321.10 1306.27 1331.76 1319.08 1305.38 1266.61
1274.10 1274.55 1279.62 1268.75 1269.39 1278.56 1274.29 1266.71
1268.38 1271.58 1252.24 1251.86 1293.98 1294.85 1299.42 1313.37
1300.98 1295.75 1300.95 1307.74 1299.52 1283.56 1271.12 1254.47
1233.13 1185.86 1182.75 1147.28 1146.51 1142.02 1169.62 1089.87
1074.14 1066.67  966.36  994.34  937.28  978.66 1041.03 1035.55
1034.68 1067.65 1034.88 1012.00 1005.92 1048.63 1035.33 1039.03
1048.03 1076.26 1084.82 1056.29 1077.94 1105.44 1080.58 1080.37
1092.69 1090.26 1090.16 1088.28 1117.78 1113.54 1121.85 1096.12
1096.36 1012.62  988.66  986.36  927.18  862.06  816.23  881.96
 865.88  888.11  883.86  864.34  857.74  867.25  894.56  880.46
 878.89  886.65  873.70  833.15  832.68  753.76  774.91  803.60
 771.90  771.85  822.54  864.55  851.92  859.92  851.65  843.77
 857.79  875.86  860.07  824.04  831.80  810.79  787.87  820.15
 801.70  792.57  789.92  773.33  747.93  732.32  704.03  710.34
 676.30  698.62  743.96  752.21  751.93  771.34  754.40  777.04
 803.84  802.89  772.86  757.73  754.12  753.16  748.26  758.14
 764.65  780.90  776.22  783.18  783.82  765.96  761.61  769.97
 772.50  798.86  845.15  851.08  859.89  870.32  866.34  874.49
 889.91  906.54  908.56  871.99  879.60  888.45  880.74  884.72
 899.82  887.04  895.53  894.81  888.08  895.45  891.01  896.84
 906.64  915.51  931.40  944.32  974.22  990.35  983.82  990.52
 992.81 1030.95 1066.30 1021.55 1032.59 1028.12 1002.74  985.54
1013.85 1014.84 1003.50 1023.81 1032.80 1032.37 1024.51 1024.07
1007.26  991.32  955.11  981.45  978.98  997.85  983.33  975.90
 979.56  982.54  996.01  998.48 1014.16 1034.17 1041.86 1052.40
1056.44 1067.36 1067.14 1040.97 1043.18 1010.37 1001.48 1006.53
1041.07 1028.29 1033.76 1012.61 1019.43  997.43 1003.15  986.64
 987.29  986.71  967.62  945.32  943.02  952.98  949.56  942.80
 930.70  933.46  928.22  942.05  902.71  877.68  887.86  908.45
 903.90  903.18  918.59  923.15  919.34  915.60  902.89  881.67
 867.04  863.10  886.52  908.39  954.87  966.89  967.79  958.62
 957.62  936.84  951.22  956.64  943.63  941.10  964.35  983.72
1035.97 1021.90 1016.49 1033.30 1036.42 1008.45 1027.11 1026.55
1064.73 1077.50 1071.51 1088.38 1095.22 1102.64 1086.90 1081.77
1097.96 1090.65 1074.29 1072.02 1052.84 1056.95 1059.11 1022.98
1028.25 1028.00 1020.53 1029.74 1040.58 1037.46 1047.24 1037.72
1025.13 1000.90  966.28 1000.23  993.14  982.18  981.91  981.80
 971.08  965.94  955.24  950.54  916.11  842.25  836.59  849.06
